allele number population locus proportion
155 124 2 A198 0.770833333
169 9 2 A198 0.020833333
171 11 2 A198 0.000000000
167 2 2 A198 0.145833333
173 4 2 A198 0.020833333
175 0 2 A198 0.020833333
193 0 2 A198 0.000000000
165 0 2 A198 0.000000000
177 0 2 A198 0.000000000
179 0 2 A198 0.000000000
183 0 2 A198 0.000000000
191 0 2 A198 0.000000000
181 0 2 A198 0.000000000
151 0 2 A198 0.020833333
163 0 2 A198 0.000000000
155 53 4 A198 0.110000000
169 15 4 A198 0.000000000
171 16 4 A198 0.000000000
167 23 4 A198 0.580000000
173 23 4 A198 0.280000000
175 3 4 A198 0.010000000
193 2 4 A198 0.000000000
165 11 4 A198 0.000000000
177 1 4 A198 0.000000000
179 1 4 A198 0.000000000
183 2 4 A198 0.000000000
191 0 4 A198 0.000000000
181 0 4 A198 0.000000000
151 0 4 A198 0.000000000
163 0 4 A198 0.020000000
155 22 6 A198 0.041666667
169 6 6 A198 0.020833333
171 28 6 A198 0.010416667
167 16 6 A198 0.520833333
173 9 6 A198 0.343750000
175 4 6 A198 0.031250000
193 1 6 A198 0.000000000
165 3 6 A198 0.000000000
177 2 6 A198 0.000000000
179 2 6 A198 0.031250000
183 0 6 A198 0.000000000
191 1 6 A198 0.000000000
181 2 6 A198 0.000000000
151 0 6 A198 0.000000000
163 0 6 A198 0.000000000
155 83 8 A198 0.826666667
169 1 8 A198 0.060000000
171 3 8 A198 0.073333333
167 3 8 A198 0.013333333
173 8 8 A198 0.026666667
175 1 8 A198 0.000000000
193 0 8 A198 0.000000000
165 1 8 A198 0.000000000
177 0 8 A198 0.000000000
179 0 8 A198 0.000000000
183 0 8 A198 0.000000000
191 0 8 A198 0.000000000
181 0 8 A198 0.000000000
151 0 8 A198 0.000000000
163 0 8 A198 0.000000000
155 37 10 A198 0.353333333
169 1 10 A198 0.100000000
171 0 10 A198 0.106666667
167 7 10 A198 0.153333333
173 1 10 A198 0.153333333
175 1 10 A198 0.020000000
193 0 10 A198 0.013333333
165 0 10 A198 0.073333333
177 0 10 A198 0.006666667
179 0 10 A198 0.006666667
183 0 10 A198 0.013333333
191 0 10 A198 0.000000000
181 0 10 A198 0.000000000
151 1 10 A198 0.000000000
163 0 10 A198 0.000000000
155 11 12 A198 0.229166667
169 0 12 A198 0.062500000
171 0 12 A198 0.291666667
167 58 12 A198 0.166666667
173 28 12 A198 0.093750000
175 1 12 A198 0.041666667
193 0 12 A198 0.010416667
165 0 12 A198 0.031250000
177 0 12 A198 0.020833333
179 0 12 A198 0.020833333
183 0 12 A198 0.000000000
191 0 12 A198 0.010416667
181 0 12 A198 0.020833333
151 0 12 A198 0.000000000
163 2 12 A198 0.000000000
155 4 14 A198 0.830000000
169 2 14 A198 0.010000000
171 1 14 A198 0.030000000
167 50 14 A198 0.030000000
173 33 14 A198 0.080000000
175 3 14 A198 0.010000000
193 0 14 A198 0.000000000
165 0 14 A198 0.010000000
177 0 14 A198 0.000000000
179 3 14 A198 0.000000000
183 0 14 A198 0.000000000
191 0 14 A198 0.000000000
181 0 14 A198 0.000000000
151 0 14 A198 0.000000000
163 0 14 A198 0.000000000
120 102 2 B113 0.083333333
122 5 2 B113 0.687500000
160 4 2 B113 0.000000000
136 1 2 B113 0.000000000
110 20 2 B113 0.020833333
150 1 2 B113 0.000000000
124 3 2 B113 0.041666667
148 1 2 B113 0.000000000
128 6 2 B113 0.000000000
114 1 2 B113 0.020833333
134 1 2 B113 0.000000000
118 3 2 B113 0.000000000
164 1 2 B113 0.000000000
172 1 2 B113 0.000000000
116 0 2 B113 0.020833333
126 0 2 B113 0.000000000
130 0 2 B113 0.041666667
112 0 2 B113 0.041666667
106 0 2 B113 0.000000000
140 0 2 B113 0.000000000
102 0 2 B113 0.000000000
108 0 2 B113 0.020833333
144 0 2 B113 0.000000000
138 0 2 B113 0.000000000
132 0 2 B113 0.000000000
146 0 2 B113 0.000000000
98 0 2 B113 0.020833333
120 17 4 B113 0.390000000
122 14 4 B113 0.050000000
160 0 4 B113 0.000000000
136 0 4 B113 0.000000000
110 6 4 B113 0.040000000
150 1 4 B113 0.000000000
124 8 4 B113 0.320000000
148 1 4 B113 0.000000000
128 20 4 B113 0.010000000
114 3 4 B113 0.000000000
134 5 4 B113 0.000000000
118 3 4 B113 0.000000000
164 0 4 B113 0.000000000
172 0 4 B113 0.000000000
116 10 4 B113 0.000000000
126 12 4 B113 0.090000000
130 5 4 B113 0.010000000
112 20 4 B113 0.020000000
106 3 4 B113 0.000000000
140 6 4 B113 0.000000000
102 7 4 B113 0.070000000
108 2 4 B113 0.000000000
144 2 4 B113 0.000000000
138 3 4 B113 0.000000000
132 1 4 B113 0.000000000
146 1 4 B113 0.000000000
98 0 4 B113 0.000000000
120 11 6 B113 0.354166667
122 5 6 B113 0.052083333
160 0 6 B113 0.000000000
136 1 6 B113 0.000000000
110 7 6 B113 0.135416667
150 0 6 B113 0.000000000
124 5 6 B113 0.218750000
148 1 6 B113 0.000000000
128 17 6 B113 0.000000000
114 8 6 B113 0.000000000
134 4 6 B113 0.000000000
118 3 6 B113 0.000000000
164 0 6 B113 0.000000000
172 0 6 B113 0.000000000
116 2 6 B113 0.000000000
126 3 6 B113 0.062500000
130 1 6 B113 0.000000000
112 15 6 B113 0.000000000
106 0 6 B113 0.000000000
140 3 6 B113 0.010416667
102 2 6 B113 0.166666667
108 1 6 B113 0.000000000
144 0 6 B113 0.000000000
138 3 6 B113 0.000000000
132 4 6 B113 0.000000000
146 0 6 B113 0.000000000
98 0 6 B113 0.000000000
120 13 8 B113 0.680000000
122 71 8 B113 0.033333333
160 0 8 B113 0.026666667
136 0 8 B113 0.006666667
110 2 8 B113 0.133333333
150 0 8 B113 0.006666667
124 3 8 B113 0.020000000
148 0 8 B113 0.006666667
128 4 8 B113 0.040000000
114 1 8 B113 0.006666667
134 0 8 B113 0.006666667
118 1 8 B113 0.020000000
164 0 8 B113 0.006666667
172 0 8 B113 0.006666667
116 0 8 B113 0.000000000
126 1 8 B113 0.000000000
130 0 8 B113 0.000000000
112 0 8 B113 0.000000000
106 0 8 B113 0.000000000
140 0 8 B113 0.000000000
102 0 8 B113 0.000000000
108 0 8 B113 0.000000000
144 0 8 B113 0.000000000
138 1 8 B113 0.000000000
132 3 8 B113 0.000000000
146 0 8 B113 0.000000000
98 0 8 B113 0.000000000
120 4 10 B113 0.113333333
122 33 10 B113 0.093333333
160 0 10 B113 0.000000000
136 0 10 B113 0.000000000
110 1 10 B113 0.040000000
150 0 10 B113 0.006666667
124 2 10 B113 0.053333333
148 0 10 B113 0.006666667
128 0 10 B113 0.133333333
114 1 10 B113 0.020000000
134 0 10 B113 0.033333333
118 0 10 B113 0.020000000
164 0 10 B113 0.000000000
172 0 10 B113 0.000000000
116 1 10 B113 0.066666667
126 0 10 B113 0.080000000
130 2 10 B113 0.033333333
112 2 10 B113 0.133333333
106 0 10 B113 0.020000000
140 0 10 B113 0.040000000
102 0 10 B113 0.046666667
108 1 10 B113 0.013333333
144 0 10 B113 0.013333333
138 0 10 B113 0.020000000
132 0 10 B113 0.006666667
146 0 10 B113 0.006666667
98 1 10 B113 0.000000000
120 39 12 B113 0.114583333
122 5 12 B113 0.052083333
160 0 12 B113 0.000000000
136 0 12 B113 0.010416667
110 4 12 B113 0.072916667
150 0 12 B113 0.000000000
124 32 12 B113 0.052083333
148 0 12 B113 0.010416667
128 1 12 B113 0.177083333
114 0 12 B113 0.083333333
134 0 12 B113 0.041666667
118 0 12 B113 0.031250000
164 0 12 B113 0.000000000
172 0 12 B113 0.000000000
116 0 12 B113 0.020833333
126 9 12 B113 0.031250000
130 1 12 B113 0.010416667
112 2 12 B113 0.156250000
106 0 12 B113 0.000000000
140 0 12 B113 0.031250000
102 7 12 B113 0.020833333
108 0 12 B113 0.010416667
144 0 12 B113 0.000000000
138 0 12 B113 0.031250000
132 0 12 B113 0.041666667
146 0 12 B113 0.000000000
98 0 12 B113 0.000000000
120 34 14 B113 0.130000000
122 5 14 B113 0.710000000
160 0 14 B113 0.000000000
136 0 14 B113 0.000000000
110 13 14 B113 0.020000000
150 0 14 B113 0.000000000
124 21 14 B113 0.030000000
148 0 14 B113 0.000000000
128 0 14 B113 0.040000000
114 0 14 B113 0.010000000
134 0 14 B113 0.000000000
118 0 14 B113 0.010000000
164 0 14 B113 0.000000000
172 0 14 B113 0.000000000
116 0 14 B113 0.000000000
126 6 14 B113 0.010000000
130 0 14 B113 0.000000000
112 0 14 B113 0.000000000
106 0 14 B113 0.000000000
140 1 14 B113 0.000000000
102 16 14 B113 0.000000000
108 0 14 B113 0.000000000
144 0 14 B113 0.000000000
138 0 14 B113 0.010000000
132 0 14 B113 0.030000000
146 0 14 B113 0.000000000
98 0 14 B113 0.000000000
171 78 2 B128 0.541666667
163 1 2 B128 0.000000000
185 59 2 B128 0.291666667
183 3 2 B128 0.041666667
177 2 2 B128 0.000000000
179 3 2 B128 0.083333333
187 2 2 B128 0.000000000
181 1 2 B128 0.020833333
173 1 2 B128 0.000000000
175 0 2 B128 0.000000000
191 0 2 B128 0.000000000
167 0 2 B128 0.000000000
189 0 2 B128 0.000000000
169 0 2 B128 0.020833333
193 0 2 B128 0.000000000
171 1 4 B128 0.010000000
163 0 4 B128 0.000000000
185 9 4 B128 0.020000000
183 43 4 B128 0.230000000
177 13 4 B128 0.000000000
179 24 4 B128 0.450000000
187 0 4 B128 0.000000000
181 50 4 B128 0.280000000
173 0 4 B128 0.000000000
175 6 4 B128 0.010000000
191 1 4 B128 0.000000000
167 1 4 B128 0.000000000
189 2 4 B128 0.000000000
169 0 4 B128 0.000000000
193 0 4 B128 0.000000000
171 1 6 B128 0.020833333
163 0 6 B128 0.000000000
185 6 6 B128 0.020833333
183 20 6 B128 0.333333333
177 12 6 B128 0.000000000
179 25 6 B128 0.322916667
187 2 6 B128 0.000000000
181 29 6 B128 0.281250000
173 0 6 B128 0.000000000
175 0 6 B128 0.000000000
191 0 6 B128 0.000000000
167 0 6 B128 0.000000000
189 1 6 B128 0.010416667
169 0 6 B128 0.000000000
193 0 6 B128 0.010416667
171 67 8 B128 0.520000000
163 0 8 B128 0.006666667
185 22 8 B128 0.393333333
183 2 8 B128 0.020000000
177 0 8 B128 0.013333333
179 4 8 B128 0.020000000
187 1 8 B128 0.013333333
181 3 8 B128 0.006666667
173 0 8 B128 0.006666667
175 1 8 B128 0.000000000
191 0 8 B128 0.000000000
167 0 8 B128 0.000000000
189 0 8 B128 0.000000000
169 0 8 B128 0.000000000
193 0 8 B128 0.000000000
171 26 10 B128 0.006666667
163 0 10 B128 0.000000000
185 14 10 B128 0.060000000
183 2 10 B128 0.286666667
177 0 10 B128 0.086666667
179 4 10 B128 0.160000000
187 0 10 B128 0.000000000
181 1 10 B128 0.333333333
173 0 10 B128 0.000000000
175 0 10 B128 0.040000000
191 0 10 B128 0.006666667
167 0 10 B128 0.006666667
189 0 10 B128 0.013333333
169 1 10 B128 0.000000000
193 0 10 B128 0.000000000
171 1 12 B128 0.010416667
163 0 12 B128 0.000000000
185 2 12 B128 0.062500000
183 23 12 B128 0.208333333
177 0 12 B128 0.125000000
179 45 12 B128 0.260416667
187 0 12 B128 0.020833333
181 28 12 B128 0.302083333
173 0 12 B128 0.000000000
175 1 12 B128 0.000000000
191 0 12 B128 0.000000000
167 0 12 B128 0.000000000
189 0 12 B128 0.010416667
169 0 12 B128 0.000000000
193 0 12 B128 0.000000000
171 2 14 B128 0.670000000
163 0 14 B128 0.000000000
185 2 14 B128 0.220000000
183 32 14 B128 0.020000000
177 0 14 B128 0.000000000
179 31 14 B128 0.040000000
187 0 14 B128 0.010000000
181 27 14 B128 0.030000000
173 0 14 B128 0.000000000
175 0 14 B128 0.010000000
191 0 14 B128 0.000000000
167 0 14 B128 0.000000000
189 1 14 B128 0.000000000
169 0 14 B128 0.000000000
193 1 14 B128 0.000000000
260 85 2 D39 0.770833333
284 61 2 D39 0.083333333
256 3 2 D39 0.000000000
280 1 2 D39 0.104166667
266 0 2 D39 0.041666667
276 0 2 D39 0.000000000
252 0 2 D39 0.000000000
270 0 2 D39 0.000000000
278 0 2 D39 0.000000000
260 63 4 D39 0.170000000
284 30 4 D39 0.050000000
256 2 4 D39 0.010000000
280 33 4 D39 0.740000000
266 15 4 D39 0.000000000
276 2 4 D39 0.010000000
252 1 4 D39 0.000000000
270 4 4 D39 0.000000000
278 0 4 D39 0.020000000
260 28 6 D39 0.145833333
284 26 6 D39 0.041666667
256 0 6 D39 0.000000000
280 23 6 D39 0.781250000
266 7 6 D39 0.010416667
276 1 6 D39 0.000000000
252 0 6 D39 0.000000000
270 11 6 D39 0.010416667
278 0 6 D39 0.010416667
260 32 8 D39 0.566666667
284 60 8 D39 0.406666667
256 0 8 D39 0.020000000
280 8 8 D39 0.006666667
266 0 8 D39 0.000000000
276 0 8 D39 0.000000000
252 0 8 D39 0.000000000
270 0 8 D39 0.000000000
278 0 8 D39 0.000000000
260 37 10 D39 0.420000000
284 4 10 D39 0.200000000
256 0 10 D39 0.013333333
280 5 10 D39 0.220000000
266 2 10 D39 0.100000000
276 0 10 D39 0.013333333
252 0 10 D39 0.006666667
270 0 10 D39 0.026666667
278 0 10 D39 0.000000000
260 17 12 D39 0.291666667
284 5 12 D39 0.270833333
256 1 12 D39 0.000000000
280 74 12 D39 0.239583333
266 0 12 D39 0.072916667
276 1 12 D39 0.010416667
252 0 12 D39 0.000000000
270 0 12 D39 0.114583333
278 2 12 D39 0.000000000
260 14 14 D39 0.320000000
284 4 14 D39 0.600000000
256 0 14 D39 0.000000000
280 75 14 D39 0.080000000
266 1 14 D39 0.000000000
276 0 14 D39 0.000000000
252 0 14 D39 0.000000000
270 1 14 D39 0.000000000
278 1 14 D39 0.000000000
132 4 2 E6 0.000000000
152 45 2 E6 0.645833333
186 2 2 E6 0.000000000
174 19 2 E6 0.020833333
162 21 2 E6 0.062500000
126 1 2 E6 0.000000000
156 2 2 E6 0.000000000
180 9 2 E6 0.000000000
182 23 2 E6 0.020833333
192 1 2 E6 0.000000000
198 2 2 E6 0.000000000
118 1 2 E6 0.000000000
188 2 2 E6 0.000000000
200 1 2 E6 0.000000000
178 4 2 E6 0.020833333
190 1 2 E6 0.000000000
154 6 2 E6 0.020833333
184 2 2 E6 0.000000000
150 1 2 E6 0.000000000
166 1 2 E6 0.020833333
168 1 2 E6 0.020833333
158 1 2 E6 0.000000000
164 0 2 E6 0.000000000
146 0 2 E6 0.104166667
172 0 2 E6 0.020833333
202 0 2 E6 0.000000000
176 0 2 E6 0.000000000
160 0 2 E6 0.000000000
144 0 2 E6 0.000000000
148 0 2 E6 0.020833333
170 0 2 E6 0.020833333
196 0 2 E6 0.000000000
210 0 2 E6 0.000000000
140 0 2 E6 0.000000000
130 0 2 E6 0.000000000
132 2 4 E6 0.010000000
152 27 4 E6 0.310000000
186 0 4 E6 0.000000000
174 3 4 E6 0.010000000
162 27 4 E6 0.010000000
126 0 4 E6 0.000000000
156 6 4 E6 0.000000000
180 1 4 E6 0.000000000
182 1 4 E6 0.010000000
192 1 4 E6 0.000000000
198 6 4 E6 0.000000000
118 0 4 E6 0.000000000
188 0 4 E6 0.010000000
200 2 4 E6 0.000000000
178 6 4 E6 0.000000000
190 0 4 E6 0.000000000
154 15 4 E6 0.020000000
184 0 4 E6 0.000000000
150 5 4 E6 0.010000000
166 11 4 E6 0.050000000
168 3 4 E6 0.370000000
158 1 4 E6 0.000000000
164 7 4 E6 0.000000000
146 3 4 E6 0.000000000
172 5 4 E6 0.000000000
202 1 4 E6 0.000000000
176 4 4 E6 0.010000000
160 5 4 E6 0.000000000
144 1 4 E6 0.000000000
148 3 4 E6 0.000000000
170 2 4 E6 0.000000000
196 1 4 E6 0.000000000
210 1 4 E6 0.000000000
140 0 4 E6 0.180000000
130 0 4 E6 0.000000000
132 2 6 E6 0.000000000
152 16 6 E6 0.354166667
186 0 6 E6 0.000000000
174 3 6 E6 0.000000000
162 11 6 E6 0.031250000
126 0 6 E6 0.000000000
156 4 6 E6 0.000000000
180 1 6 E6 0.000000000
182 1 6 E6 0.010416667
192 0 6 E6 0.000000000
198 5 6 E6 0.000000000
118 0 6 E6 0.000000000
188 0 6 E6 0.000000000
200 1 6 E6 0.000000000
178 0 6 E6 0.000000000
190 1 6 E6 0.000000000
154 9 6 E6 0.010416667
184 0 6 E6 0.000000000
150 3 6 E6 0.000000000
166 0 6 E6 0.041666667
168 11 6 E6 0.406250000
158 0 6 E6 0.000000000
164 4 6 E6 0.010416667
146 10 6 E6 0.000000000
172 0 6 E6 0.000000000
202 0 6 E6 0.000000000
176 1 6 E6 0.000000000
160 1 6 E6 0.010416667
144 0 6 E6 0.000000000
148 10 6 E6 0.010416667
170 1 6 E6 0.020833333
196 0 6 E6 0.000000000
210 0 6 E6 0.000000000
140 1 6 E6 0.093750000
130 0 6 E6 0.000000000
132 8 8 E6 0.026666667
152 58 8 E6 0.300000000
186 0 8 E6 0.013333333
174 1 8 E6 0.126666667
162 10 8 E6 0.140000000
126 1 8 E6 0.006666667
156 0 8 E6 0.013333333
180 0 8 E6 0.060000000
182 0 8 E6 0.153333333
192 0 8 E6 0.006666667
198 0 8 E6 0.013333333
118 0 8 E6 0.006666667
188 0 8 E6 0.013333333
200 1 8 E6 0.006666667
178 2 8 E6 0.026666667
190 0 8 E6 0.006666667
154 2 8 E6 0.040000000
184 0 8 E6 0.013333333
150 0 8 E6 0.006666667
166 0 8 E6 0.006666667
168 2 8 E6 0.006666667
158 0 8 E6 0.006666667
164 0 8 E6 0.000000000
146 1 8 E6 0.000000000
172 1 8 E6 0.000000000
202 0 8 E6 0.000000000
176 1 8 E6 0.000000000
160 1 8 E6 0.000000000
144 6 8 E6 0.000000000
148 1 8 E6 0.000000000
170 0 8 E6 0.000000000
196 0 8 E6 0.000000000
210 0 8 E6 0.000000000
140 3 8 E6 0.000000000
130 1 8 E6 0.000000000
132 0 10 E6 0.013333333
152 31 10 E6 0.180000000
186 0 10 E6 0.000000000
174 1 10 E6 0.020000000
162 3 10 E6 0.180000000
126 0 10 E6 0.000000000
156 0 10 E6 0.040000000
180 0 10 E6 0.006666667
182 1 10 E6 0.006666667
192 0 10 E6 0.006666667
198 0 10 E6 0.040000000
118 0 10 E6 0.000000000
188 0 10 E6 0.000000000
200 0 10 E6 0.013333333
178 1 10 E6 0.040000000
190 0 10 E6 0.000000000
154 1 10 E6 0.100000000
184 0 10 E6 0.000000000
150 0 10 E6 0.033333333
166 1 10 E6 0.073333333
168 1 10 E6 0.020000000
158 0 10 E6 0.006666667
164 0 10 E6 0.046666667
146 5 10 E6 0.020000000
172 1 10 E6 0.033333333
202 0 10 E6 0.006666667
176 0 10 E6 0.026666667
160 0 10 E6 0.033333333
144 0 10 E6 0.006666667
148 1 10 E6 0.020000000
170 1 10 E6 0.013333333
196 0 10 E6 0.006666667
210 0 10 E6 0.006666667
140 0 10 E6 0.000000000
130 0 10 E6 0.000000000
132 1 12 E6 0.020833333
152 31 12 E6 0.166666667
186 0 12 E6 0.000000000
174 1 12 E6 0.031250000
162 1 12 E6 0.114583333
126 0 12 E6 0.000000000
156 0 12 E6 0.041666667
180 0 12 E6 0.010416667
182 1 12 E6 0.010416667
192 0 12 E6 0.000000000
198 0 12 E6 0.052083333
118 0 12 E6 0.000000000
188 1 12 E6 0.000000000
200 0 12 E6 0.010416667
178 0 12 E6 0.000000000
190 0 12 E6 0.010416667
154 2 12 E6 0.093750000
184 0 12 E6 0.000000000
150 1 12 E6 0.031250000
166 5 12 E6 0.000000000
168 37 12 E6 0.114583333
158 0 12 E6 0.000000000
164 0 12 E6 0.041666667
146 0 12 E6 0.104166667
172 0 12 E6 0.000000000
202 0 12 E6 0.000000000
176 1 12 E6 0.010416667
160 0 12 E6 0.010416667
144 0 12 E6 0.000000000
148 0 12 E6 0.104166667
170 0 12 E6 0.010416667
196 0 12 E6 0.000000000
210 0 12 E6 0.000000000
140 18 12 E6 0.010416667
130 0 12 E6 0.000000000
132 0 14 E6 0.080000000
152 34 14 E6 0.580000000
186 0 14 E6 0.000000000
174 0 14 E6 0.010000000
162 3 14 E6 0.100000000
126 0 14 E6 0.010000000
156 0 14 E6 0.000000000
180 0 14 E6 0.000000000
182 1 14 E6 0.000000000
192 0 14 E6 0.000000000
198 0 14 E6 0.000000000
118 0 14 E6 0.000000000
188 0 14 E6 0.000000000
200 0 14 E6 0.010000000
178 0 14 E6 0.020000000
190 0 14 E6 0.000000000
154 1 14 E6 0.020000000
184 0 14 E6 0.000000000
150 0 14 E6 0.000000000
166 4 14 E6 0.000000000
168 39 14 E6 0.020000000
158 0 14 E6 0.000000000
164 1 14 E6 0.000000000
146 0 14 E6 0.010000000
172 0 14 E6 0.010000000
202 0 14 E6 0.000000000
176 0 14 E6 0.010000000
160 1 14 E6 0.010000000
144 0 14 E6 0.060000000
148 1 14 E6 0.010000000
170 2 14 E6 0.000000000
196 0 14 E6 0.000000000
210 0 14 E6 0.000000000
140 9 14 E6 0.030000000
130 0 14 E6 0.010000000
197 116 2 F12 0.770833333
205 19 2 F12 0.062500000
207 4 2 F12 0.020833333
195 1 2 F12 0.000000000
193 5 2 F12 0.125000000
201 2 2 F12 0.000000000
199 1 2 F12 0.000000000
211 1 2 F12 0.000000000
203 1 2 F12 0.020833333
189 0 2 F12 0.000000000
217 0 2 F12 0.000000000
213 0 2 F12 0.000000000
209 0 2 F12 0.000000000
215 0 2 F12 0.000000000
187 0 2 F12 0.000000000
197 52 4 F12 0.120000000
205 30 4 F12 0.020000000
207 20 4 F12 0.260000000
195 2 4 F12 0.000000000
193 18 4 F12 0.580000000
201 6 4 F12 0.000000000
199 2 4 F12 0.000000000
211 1 4 F12 0.000000000
203 13 4 F12 0.000000000
189 3 4 F12 0.010000000
217 1 4 F12 0.000000000
213 1 4 F12 0.000000000
209 1 4 F12 0.010000000
215 0 4 F12 0.000000000
187 0 4 F12 0.000000000
197 20 6 F12 0.125000000
205 21 6 F12 0.020833333
207 16 6 F12 0.239583333
195 0 6 F12 0.000000000
193 9 6 F12 0.593750000
201 9 6 F12 0.010416667
199 1 6 F12 0.000000000
211 1 6 F12 0.000000000
203 13 6 F12 0.000000000
189 3 6 F12 0.000000000
217 0 6 F12 0.000000000
213 0 6 F12 0.000000000
209 0 6 F12 0.000000000
215 1 6 F12 0.000000000
187 2 6 F12 0.010416667
197 78 8 F12 0.773333333
205 5 8 F12 0.126666667
207 1 8 F12 0.026666667
195 1 8 F12 0.006666667
193 10 8 F12 0.033333333
201 2 8 F12 0.013333333
199 1 8 F12 0.006666667
211 0 8 F12 0.006666667
203 0 8 F12 0.006666667
189 2 8 F12 0.000000000
217 0 8 F12 0.000000000
213 0 8 F12 0.000000000
209 0 8 F12 0.000000000
215 0 8 F12 0.000000000
187 0 8 F12 0.000000000
197 37 10 F12 0.346666667
205 3 10 F12 0.200000000
207 1 10 F12 0.133333333
195 0 10 F12 0.013333333
193 6 10 F12 0.120000000
201 0 10 F12 0.040000000
199 0 10 F12 0.013333333
211 0 10 F12 0.006666667
203 1 10 F12 0.086666667
189 0 10 F12 0.020000000
217 0 10 F12 0.006666667
213 0 10 F12 0.006666667
209 0 10 F12 0.006666667
215 0 10 F12 0.000000000
187 0 10 F12 0.000000000
197 12 12 F12 0.208333333
205 2 12 F12 0.218750000
207 26 12 F12 0.166666667
195 0 12 F12 0.000000000
193 58 12 F12 0.093750000
201 0 12 F12 0.093750000
199 0 12 F12 0.010416667
211 0 12 F12 0.010416667
203 0 12 F12 0.135416667
189 1 12 F12 0.031250000
217 0 12 F12 0.000000000
213 0 12 F12 0.000000000
209 1 12 F12 0.000000000
215 0 12 F12 0.010416667
187 0 12 F12 0.020833333
197 12 14 F12 0.780000000
205 2 14 F12 0.050000000
207 23 14 F12 0.010000000
195 0 14 F12 0.010000000
193 57 14 F12 0.100000000
201 1 14 F12 0.020000000
199 0 14 F12 0.010000000
211 0 14 F12 0.000000000
203 0 14 F12 0.000000000
189 0 14 F12 0.020000000
217 0 14 F12 0.000000000
213 0 14 F12 0.000000000
209 0 14 F12 0.000000000
215 0 14 F12 0.000000000
187 1 14 F12 0.000000000
217 14 2 F19 0.041666667
272 1 2 F19 0.000000000
189 38 2 F19 0.125000000
298 2 2 F19 0.000000000
213 51 2 F19 0.354166667
219 1 2 F19 0.000000000
215 11 2 F19 0.312500000
304 4 2 F19 0.000000000
227 1 2 F19 0.000000000
290 2 2 F19 0.000000000
207 3 2 F19 0.000000000
203 1 2 F19 0.000000000
221 5 2 F19 0.000000000
225 2 2 F19 0.000000000
184 1 2 F19 0.000000000
302 2 2 F19 0.000000000
294 1 2 F19 0.000000000
278 1 2 F19 0.000000000
306 1 2 F19 0.000000000
229 1 2 F19 0.000000000
195 4 2 F19 0.000000000
197 2 2 F19 0.000000000
205 1 2 F19 0.000000000
314 0 2 F19 0.000000000
320 0 2 F19 0.000000000
201 0 2 F19 0.020833333
211 0 2 F19 0.020833333
318 0 2 F19 0.000000000
191 0 2 F19 0.000000000
193 0 2 F19 0.000000000
186 0 2 F19 0.000000000
223 0 2 F19 0.000000000
209 0 2 F19 0.020833333
199 0 2 F19 0.000000000
241 0 2 F19 0.000000000
308 0 2 F19 0.000000000
340 0 2 F19 0.000000000
254 0 2 F19 0.041666667
235 0 2 F19 0.020833333
237 0 2 F19 0.041666667
262 0 2 F19 0.000000000
258 0 2 F19 0.000000000
245 0 2 F19 0.000000000
233 0 2 F19 0.000000000
282 0 2 F19 0.000000000
231 0 2 F19 0.000000000
274 0 2 F19 0.000000000
239 0 2 F19 0.000000000
250 0 2 F19 0.000000000
217 2 4 F19 0.040000000
272 0 4 F19 0.000000000
189 1 4 F19 0.000000000
298 0 4 F19 0.000000000
213 5 4 F19 0.050000000
219 2 4 F19 0.080000000
215 0 4 F19 0.170000000
304 0 4 F19 0.000000000
227 0 4 F19 0.030000000
290 0 4 F19 0.000000000
207 7 4 F19 0.010000000
203 11 4 F19 0.010000000
221 1 4 F19 0.030000000
225 0 4 F19 0.040000000
184 0 4 F19 0.000000000
302 0 4 F19 0.000000000
294 0 4 F19 0.000000000
278 0 4 F19 0.000000000
306 0 4 F19 0.000000000
229 0 4 F19 0.020000000
195 32 4 F19 0.010000000
197 12 4 F19 0.000000000
205 5 4 F19 0.020000000
314 2 4 F19 0.000000000
320 2 4 F19 0.000000000
201 15 4 F19 0.010000000
211 4 4 F19 0.020000000
318 3 4 F19 0.000000000
191 17 4 F19 0.100000000
193 12 4 F19 0.000000000
186 7 4 F19 0.000000000
223 2 4 F19 0.050000000
209 3 4 F19 0.010000000
199 5 4 F19 0.020000000
241 0 4 F19 0.050000000
308 0 4 F19 0.000000000
340 0 4 F19 0.000000000
254 0 4 F19 0.010000000
235 0 4 F19 0.010000000
237 0 4 F19 0.020000000
262 0 4 F19 0.010000000
258 0 4 F19 0.010000000
245 0 4 F19 0.010000000
233 0 4 F19 0.030000000
282 0 4 F19 0.010000000
231 0 4 F19 0.050000000
274 0 4 F19 0.010000000
239 0 4 F19 0.040000000
250 0 4 F19 0.020000000
217 1 6 F19 0.104166667
272 0 6 F19 0.000000000
189 2 6 F19 0.000000000
298 0 6 F19 0.000000000
213 4 6 F19 0.072916667
219 3 6 F19 0.135416667
215 3 6 F19 0.145833333
304 0 6 F19 0.000000000
227 0 6 F19 0.072916667
290 0 6 F19 0.000000000
207 2 6 F19 0.031250000
203 10 6 F19 0.000000000
221 0 6 F19 0.093750000
225 0 6 F19 0.093750000
184 1 6 F19 0.000000000
302 0 6 F19 0.000000000
294 0 6 F19 0.000000000
278 0 6 F19 0.000000000
306 0 6 F19 0.000000000
229 0 6 F19 0.052083333
195 11 6 F19 0.010416667
197 7 6 F19 0.000000000
205 4 6 F19 0.000000000
314 2 6 F19 0.000000000
320 0 6 F19 0.000000000
201 8 6 F19 0.010416667
211 8 6 F19 0.020833333
318 0 6 F19 0.000000000
191 5 6 F19 0.062500000
193 15 6 F19 0.010416667
186 0 6 F19 0.000000000
223 0 6 F19 0.010416667
209 7 6 F19 0.000000000
199 3 6 F19 0.000000000
241 0 6 F19 0.010416667
308 0 6 F19 0.000000000
340 0 6 F19 0.000000000
254 0 6 F19 0.010416667
235 0 6 F19 0.000000000
237 0 6 F19 0.000000000
262 0 6 F19 0.000000000
258 0 6 F19 0.000000000
245 0 6 F19 0.000000000
233 0 6 F19 0.041666667
282 0 6 F19 0.000000000
231 0 6 F19 0.000000000
274 0 6 F19 0.000000000
239 0 6 F19 0.000000000
250 0 6 F19 0.010416667
217 1 8 F19 0.093333333
272 0 8 F19 0.006666667
189 9 8 F19 0.253333333
298 0 8 F19 0.013333333
213 57 8 F19 0.340000000
219 2 8 F19 0.006666667
215 13 8 F19 0.073333333
304 0 8 F19 0.026666667
227 0 8 F19 0.006666667
290 0 8 F19 0.013333333
207 0 8 F19 0.020000000
203 0 8 F19 0.006666667
221 0 8 F19 0.033333333
225 4 8 F19 0.013333333
184 0 8 F19 0.006666667
302 0 8 F19 0.013333333
294 1 8 F19 0.006666667
278 0 8 F19 0.006666667
306 0 8 F19 0.006666667
229 0 8 F19 0.006666667
195 1 8 F19 0.026666667
197 0 8 F19 0.013333333
205 4 8 F19 0.006666667
314 1 8 F19 0.000000000
320 0 8 F19 0.000000000
201 0 8 F19 0.000000000
211 1 8 F19 0.000000000
318 0 8 F19 0.000000000
191 2 8 F19 0.000000000
193 0 8 F19 0.000000000
186 0 8 F19 0.000000000
223 1 8 F19 0.000000000
209 0 8 F19 0.000000000
199 0 8 F19 0.000000000
241 1 8 F19 0.000000000
308 1 8 F19 0.000000000
340 1 8 F19 0.000000000
254 0 8 F19 0.000000000
235 0 8 F19 0.000000000
237 0 8 F19 0.000000000
262 0 8 F19 0.000000000
258 0 8 F19 0.000000000
245 0 8 F19 0.000000000
233 0 8 F19 0.000000000
282 0 8 F19 0.000000000
231 0 8 F19 0.000000000
274 0 8 F19 0.000000000
239 0 8 F19 0.000000000
250 0 8 F19 0.000000000
217 2 10 F19 0.013333333
272 0 10 F19 0.000000000
189 6 10 F19 0.006666667
298 0 10 F19 0.000000000
213 17 10 F19 0.033333333
219 0 10 F19 0.013333333
215 15 10 F19 0.000000000
304 0 10 F19 0.000000000
227 0 10 F19 0.000000000
290 0 10 F19 0.000000000
207 0 10 F19 0.046666667
203 0 10 F19 0.073333333
221 0 10 F19 0.006666667
225 0 10 F19 0.000000000
184 0 10 F19 0.000000000
302 0 10 F19 0.000000000
294 0 10 F19 0.000000000
278 0 10 F19 0.000000000
306 0 10 F19 0.000000000
229 0 10 F19 0.000000000
195 0 10 F19 0.213333333
197 0 10 F19 0.080000000
205 0 10 F19 0.033333333
314 0 10 F19 0.013333333
320 0 10 F19 0.013333333
201 1 10 F19 0.100000000
211 1 10 F19 0.026666667
318 0 10 F19 0.020000000
191 0 10 F19 0.113333333
193 0 10 F19 0.080000000
186 0 10 F19 0.046666667
223 0 10 F19 0.013333333
209 1 10 F19 0.020000000
199 0 10 F19 0.033333333
241 0 10 F19 0.000000000
308 0 10 F19 0.000000000
340 0 10 F19 0.000000000
254 2 10 F19 0.000000000
235 1 10 F19 0.000000000
237 2 10 F19 0.000000000
262 0 10 F19 0.000000000
258 0 10 F19 0.000000000
245 0 10 F19 0.000000000
233 0 10 F19 0.000000000
282 0 10 F19 0.000000000
231 0 10 F19 0.000000000
274 0 10 F19 0.000000000
239 0 10 F19 0.000000000
250 0 10 F19 0.000000000
217 4 12 F19 0.010416667
272 0 12 F19 0.000000000
189 0 12 F19 0.020833333
298 0 12 F19 0.000000000
213 5 12 F19 0.041666667
219 8 12 F19 0.031250000
215 17 12 F19 0.031250000
304 0 12 F19 0.000000000
227 3 12 F19 0.000000000
290 0 12 F19 0.000000000
207 1 12 F19 0.020833333
203 1 12 F19 0.104166667
221 3 12 F19 0.000000000
225 4 12 F19 0.000000000
184 0 12 F19 0.010416667
302 0 12 F19 0.000000000
294 0 12 F19 0.000000000
278 0 12 F19 0.000000000
306 0 12 F19 0.000000000
229 2 12 F19 0.000000000
195 1 12 F19 0.114583333
197 0 12 F19 0.072916667
205 2 12 F19 0.041666667
314 0 12 F19 0.020833333
320 0 12 F19 0.000000000
201 1 12 F19 0.083333333
211 2 12 F19 0.083333333
318 0 12 F19 0.000000000
191 10 12 F19 0.052083333
193 0 12 F19 0.156250000
186 0 12 F19 0.000000000
223 5 12 F19 0.000000000
209 1 12 F19 0.072916667
199 2 12 F19 0.031250000
241 5 12 F19 0.000000000
308 0 12 F19 0.000000000
340 0 12 F19 0.000000000
254 1 12 F19 0.000000000
235 1 12 F19 0.000000000
237 2 12 F19 0.000000000
262 1 12 F19 0.000000000
258 1 12 F19 0.000000000
245 1 12 F19 0.000000000
233 3 12 F19 0.000000000
282 1 12 F19 0.000000000
231 5 12 F19 0.000000000
274 1 12 F19 0.000000000
239 4 12 F19 0.000000000
250 2 12 F19 0.000000000
217 10 14 F19 0.010000000
272 0 14 F19 0.000000000
189 0 14 F19 0.090000000
298 0 14 F19 0.000000000
213 7 14 F19 0.570000000
219 13 14 F19 0.020000000
215 14 14 F19 0.130000000
304 0 14 F19 0.000000000
227 7 14 F19 0.000000000
290 0 14 F19 0.000000000
207 3 14 F19 0.000000000
203 0 14 F19 0.000000000
221 9 14 F19 0.000000000
225 9 14 F19 0.040000000
184 0 14 F19 0.000000000
302 0 14 F19 0.000000000
294 0 14 F19 0.010000000
278 0 14 F19 0.000000000
306 0 14 F19 0.000000000
229 5 14 F19 0.000000000
195 1 14 F19 0.010000000
197 0 14 F19 0.000000000
205 0 14 F19 0.040000000
314 0 14 F19 0.010000000
320 0 14 F19 0.000000000
201 1 14 F19 0.000000000
211 2 14 F19 0.010000000
318 0 14 F19 0.000000000
191 6 14 F19 0.020000000
193 1 14 F19 0.000000000
186 0 14 F19 0.000000000
223 1 14 F19 0.010000000
209 0 14 F19 0.000000000
199 0 14 F19 0.000000000
241 1 14 F19 0.010000000
308 0 14 F19 0.010000000
340 0 14 F19 0.010000000
254 1 14 F19 0.000000000
235 0 14 F19 0.000000000
237 0 14 F19 0.000000000
262 0 14 F19 0.000000000
258 0 14 F19 0.000000000
245 0 14 F19 0.000000000
233 4 14 F19 0.000000000
282 0 14 F19 0.000000000
231 0 14 F19 0.000000000
274 0 14 F19 0.000000000
239 0 14 F19 0.000000000
250 1 14 F19 0.000000000
204 105 2 F21 0.291666667
206 36 2 F21 0.020833333
202 7 2 F21 0.062500000
200 1 2 F21 0.000000000
208 1 2 F21 0.062500000
210 0 2 F21 0.000000000
194 0 2 F21 0.000000000
212 0 2 F21 0.000000000
196 0 2 F21 0.562500000
204 114 4 F21 0.920000000
206 12 4 F21 0.020000000
202 8 4 F21 0.040000000
200 0 4 F21 0.010000000
208 15 4 F21 0.000000000
210 1 4 F21 0.000000000
194 0 4 F21 0.000000000
212 0 4 F21 0.000000000
196 0 4 F21 0.010000000
204 48 6 F21 0.968750000
206 17 6 F21 0.010416667
202 14 6 F21 0.010416667
200 0 6 F21 0.000000000
208 13 6 F21 0.010416667
210 1 6 F21 0.000000000
194 2 6 F21 0.000000000
212 1 6 F21 0.000000000
196 0 6 F21 0.000000000
204 92 8 F21 0.700000000
206 2 8 F21 0.240000000
202 1 8 F21 0.046666667
200 0 8 F21 0.006666667
208 4 8 F21 0.006666667
210 0 8 F21 0.000000000
194 0 8 F21 0.000000000
212 0 8 F21 0.000000000
196 1 8 F21 0.000000000
204 14 10 F21 0.760000000
206 1 10 F21 0.080000000
202 3 10 F21 0.053333333
200 0 10 F21 0.000000000
208 3 10 F21 0.100000000
210 0 10 F21 0.006666667
194 0 10 F21 0.000000000
212 0 10 F21 0.000000000
196 27 10 F21 0.000000000
204 92 12 F21 0.500000000
206 2 12 F21 0.177083333
202 4 12 F21 0.145833333
200 1 12 F21 0.000000000
208 0 12 F21 0.135416667
210 0 12 F21 0.010416667
194 0 12 F21 0.020833333
212 0 12 F21 0.010416667
196 1 12 F21 0.000000000
204 93 14 F21 0.920000000
206 1 14 F21 0.020000000
202 1 14 F21 0.010000000
200 0 14 F21 0.000000000
208 1 14 F21 0.040000000
210 0 14 F21 0.000000000
194 0 14 F21 0.000000000
212 0 14 F21 0.000000000
196 0 14 F21 0.010000000
178 124 2 F22 0.291666667
180 26 2 F22 0.708333333
182 0 2 F22 0.000000000
178 128 4 F22 0.620000000
180 22 4 F22 0.380000000
182 0 4 F22 0.000000000
178 87 6 F22 0.666666667
180 8 6 F22 0.333333333
182 1 6 F22 0.000000000
178 26 8 F22 0.826666667
180 73 8 F22 0.173333333
182 1 8 F22 0.000000000
178 14 10 F22 0.853333333
180 34 10 F22 0.146666667
182 0 10 F22 0.000000000
178 62 12 F22 0.906250000
180 38 12 F22 0.083333333
182 0 12 F22 0.010416667
178 64 14 F22 0.260000000
180 32 14 F22 0.730000000
182 0 14 F22 0.010000000
200 25 2 F34 0.062500000
204 21 2 F34 0.604166667
198 68 2 F34 0.062500000
202 33 2 F34 0.250000000
196 3 2 F34 0.000000000
206 0 2 F34 0.000000000
194 0 2 F34 0.020833333
208 0 2 F34 0.000000000
200 38 4 F34 0.150000000
204 16 4 F34 0.050000000
198 4 4 F34 0.020000000
202 76 4 F34 0.750000000
196 12 4 F34 0.020000000
206 2 4 F34 0.010000000
194 2 4 F34 0.000000000
208 0 4 F34 0.000000000
200 39 6 F34 0.166666667
204 4 6 F34 0.062500000
198 5 6 F34 0.031250000
202 42 6 F34 0.729166667
196 3 6 F34 0.000000000
206 1 6 F34 0.000000000
194 1 6 F34 0.010416667
208 1 6 F34 0.000000000
200 22 8 F34 0.166666667
204 4 8 F34 0.140000000
198 13 8 F34 0.453333333
202 58 8 F34 0.220000000
196 2 8 F34 0.020000000
206 1 8 F34 0.000000000
194 0 8 F34 0.000000000
208 0 8 F34 0.000000000
200 3 10 F34 0.253333333
204 29 10 F34 0.106666667
198 3 10 F34 0.026666667
202 12 10 F34 0.506666667
196 0 10 F34 0.080000000
206 0 10 F34 0.013333333
194 1 10 F34 0.013333333
208 0 10 F34 0.000000000
200 15 12 F34 0.406250000
204 5 12 F34 0.041666667
198 2 12 F34 0.052083333
202 75 12 F34 0.437500000
196 2 12 F34 0.031250000
206 1 12 F34 0.010416667
194 0 12 F34 0.010416667
208 0 12 F34 0.010416667
200 16 14 F34 0.220000000
204 6 14 F34 0.040000000
198 3 14 F34 0.130000000
202 70 14 F34 0.580000000
196 0 14 F34 0.020000000
206 0 14 F34 0.010000000
194 1 14 F34 0.000000000
208 0 14 F34 0.000000000
198 110 2 F4 0.625000000
200 6 2 F4 0.020833333
218 2 2 F4 0.062500000
220 2 2 F4 0.000000000
194 1 2 F4 0.020833333
202 12 2 F4 0.020833333
190 2 2 F4 0.000000000
182 3 2 F4 0.041666667
196 2 2 F4 0.062500000
222 3 2 F4 0.020833333
178 2 2 F4 0.020833333
206 1 2 F4 0.000000000
186 2 2 F4 0.020833333
180 1 2 F4 0.041666667
192 1 2 F4 0.000000000
184 0 2 F4 0.020833333
238 0 2 F4 0.000000000
214 0 2 F4 0.000000000
204 0 2 F4 0.000000000
212 0 2 F4 0.000000000
216 0 2 F4 0.000000000
226 0 2 F4 0.000000000
228 0 2 F4 0.000000000
224 0 2 F4 0.000000000
240 0 2 F4 0.000000000
210 0 2 F4 0.000000000
230 0 2 F4 0.000000000
188 0 2 F4 0.020833333
234 0 2 F4 0.000000000
198 12 4 F4 0.030000000
200 7 4 F4 0.000000000
218 1 4 F4 0.010000000
220 3 4 F4 0.000000000
194 15 4 F4 0.000000000
202 4 4 F4 0.000000000
190 11 4 F4 0.010000000
182 2 4 F4 0.330000000
196 7 4 F4 0.000000000
222 4 4 F4 0.000000000
178 1 4 F4 0.000000000
206 1 4 F4 0.020000000
186 22 4 F4 0.500000000
180 7 4 F4 0.080000000
192 15 4 F4 0.000000000
184 12 4 F4 0.000000000
238 1 4 F4 0.000000000
214 5 4 F4 0.000000000
204 1 4 F4 0.000000000
212 1 4 F4 0.000000000
216 5 4 F4 0.000000000
226 1 4 F4 0.000000000
228 1 4 F4 0.000000000
224 4 4 F4 0.000000000
240 1 4 F4 0.000000000
210 1 4 F4 0.010000000
230 2 4 F4 0.000000000
188 1 4 F4 0.010000000
234 2 4 F4 0.000000000
198 6 6 F4 0.020833333
200 10 6 F4 0.000000000
218 0 6 F4 0.010416667
220 1 6 F4 0.000000000
194 7 6 F4 0.010416667
202 2 6 F4 0.000000000
190 4 6 F4 0.000000000
182 3 6 F4 0.250000000
196 4 6 F4 0.000000000
222 0 6 F4 0.010416667
178 3 6 F4 0.000000000
206 3 6 F4 0.000000000
186 13 6 F4 0.593750000
180 5 6 F4 0.093750000
192 10 6 F4 0.000000000
184 9 6 F4 0.010416667
238 0 6 F4 0.000000000
214 1 6 F4 0.000000000
204 0 6 F4 0.000000000
212 3 6 F4 0.000000000
216 0 6 F4 0.000000000
226 0 6 F4 0.000000000
228 0 6 F4 0.000000000
224 0 6 F4 0.000000000
240 0 6 F4 0.000000000
210 1 6 F4 0.000000000
230 0 6 F4 0.000000000
188 11 6 F4 0.000000000
234 0 6 F4 0.000000000
198 11 8 F4 0.733333333
200 2 8 F4 0.040000000
218 62 8 F4 0.013333333
220 1 8 F4 0.013333333
194 0 8 F4 0.006666667
202 0 8 F4 0.080000000
190 1 8 F4 0.013333333
182 4 8 F4 0.020000000
196 0 8 F4 0.013333333
222 2 8 F4 0.020000000
178 0 8 F4 0.013333333
206 0 8 F4 0.006666667
186 7 8 F4 0.013333333
180 2 8 F4 0.006666667
192 1 8 F4 0.006666667
184 0 8 F4 0.000000000
238 0 8 F4 0.000000000
214 0 8 F4 0.000000000
204 0 8 F4 0.000000000
212 0 8 F4 0.000000000
216 1 8 F4 0.000000000
226 0 8 F4 0.000000000
228 0 8 F4 0.000000000
224 0 8 F4 0.000000000
240 2 8 F4 0.000000000
210 0 8 F4 0.000000000
230 0 8 F4 0.000000000
188 4 8 F4 0.000000000
234 0 8 F4 0.000000000
198 30 10 F4 0.080000000
200 1 10 F4 0.046666667
218 3 10 F4 0.006666667
220 0 10 F4 0.020000000
194 1 10 F4 0.100000000
202 1 10 F4 0.026666667
190 0 10 F4 0.073333333
182 2 10 F4 0.013333333
196 3 10 F4 0.046666667
222 1 10 F4 0.026666667
178 1 10 F4 0.006666667
206 0 10 F4 0.006666667
186 1 10 F4 0.146666667
180 2 10 F4 0.046666667
192 0 10 F4 0.100000000
184 1 10 F4 0.080000000
238 0 10 F4 0.006666667
214 0 10 F4 0.033333333
204 0 10 F4 0.006666667
212 0 10 F4 0.006666667
216 0 10 F4 0.033333333
226 0 10 F4 0.006666667
228 0 10 F4 0.006666667
224 0 10 F4 0.026666667
240 0 10 F4 0.006666667
210 0 10 F4 0.006666667
230 0 10 F4 0.013333333
188 1 10 F4 0.006666667
234 0 10 F4 0.013333333
198 3 12 F4 0.062500000
200 0 12 F4 0.104166667
218 1 12 F4 0.000000000
220 0 12 F4 0.010416667
194 0 12 F4 0.072916667
202 0 12 F4 0.020833333
190 1 12 F4 0.041666667
182 33 12 F4 0.031250000
196 0 12 F4 0.041666667
222 0 12 F4 0.000000000
178 0 12 F4 0.031250000
206 2 12 F4 0.031250000
186 50 12 F4 0.135416667
180 8 12 F4 0.052083333
192 0 12 F4 0.104166667
184 0 12 F4 0.093750000
238 0 12 F4 0.000000000
214 0 12 F4 0.010416667
204 0 12 F4 0.000000000
212 0 12 F4 0.031250000
216 0 12 F4 0.000000000
226 0 12 F4 0.000000000
228 0 12 F4 0.000000000
224 0 12 F4 0.000000000
240 0 12 F4 0.000000000
210 1 12 F4 0.010416667
230 0 12 F4 0.000000000
188 1 12 F4 0.114583333
234 0 12 F4 0.000000000
198 2 14 F4 0.110000000
200 0 14 F4 0.020000000
218 1 14 F4 0.620000000
220 0 14 F4 0.010000000
194 1 14 F4 0.000000000
202 0 14 F4 0.000000000
190 0 14 F4 0.010000000
182 24 14 F4 0.040000000
196 0 14 F4 0.000000000
222 1 14 F4 0.020000000
178 0 14 F4 0.000000000
206 0 14 F4 0.000000000
186 57 14 F4 0.070000000
180 9 14 F4 0.020000000
192 0 14 F4 0.010000000
184 1 14 F4 0.000000000
238 0 14 F4 0.000000000
214 0 14 F4 0.000000000
204 0 14 F4 0.000000000
212 0 14 F4 0.000000000
216 0 14 F4 0.010000000
226 0 14 F4 0.000000000
228 0 14 F4 0.000000000
224 0 14 F4 0.000000000
240 0 14 F4 0.020000000
210 0 14 F4 0.000000000
230 0 14 F4 0.000000000
188 0 14 F4 0.040000000
234 0 14 F4 0.000000000
203 72 2 F45 0.437500000
211 68 2 F45 0.416666667
205 8 2 F45 0.062500000
209 1 2 F45 0.000000000
207 1 2 F45 0.062500000
213 0 2 F45 0.020833333
201 0 2 F45 0.000000000
203 85 4 F45 0.130000000
211 21 4 F45 0.110000000
205 12 4 F45 0.640000000
209 14 4 F45 0.020000000
207 15 4 F45 0.020000000
213 3 4 F45 0.070000000
201 0 4 F45 0.010000000
203 58 6 F45 0.145833333
211 8 6 F45 0.125000000
205 1 6 F45 0.666666667
209 23 6 F45 0.000000000
207 6 6 F45 0.010416667
213 0 6 F45 0.052083333
201 0 6 F45 0.000000000
203 74 8 F45 0.480000000
211 11 8 F45 0.453333333
205 11 8 F45 0.053333333
209 3 8 F45 0.006666667
207 0 8 F45 0.006666667
213 1 8 F45 0.000000000
201 0 8 F45 0.000000000
203 21 10 F45 0.566666667
211 20 10 F45 0.140000000
205 3 10 F45 0.080000000
209 0 10 F45 0.093333333
207 3 10 F45 0.100000000
213 1 10 F45 0.020000000
201 0 10 F45 0.000000000
203 13 12 F45 0.604166667
211 11 12 F45 0.083333333
205 64 12 F45 0.010416667
209 2 12 F45 0.239583333
207 2 12 F45 0.062500000
213 7 12 F45 0.000000000
201 1 12 F45 0.000000000
203 14 14 F45 0.740000000
211 12 14 F45 0.110000000
205 64 14 F45 0.110000000
209 0 14 F45 0.030000000
207 1 14 F45 0.000000000
213 5 14 F45 0.010000000
201 0 14 F45 0.000000000
205 44 2 F47 0.062500000
215 68 2 F47 0.020833333
207 23 2 F47 0.291666667
203 13 2 F47 0.604166667
209 2 2 F47 0.000000000
211 0 2 F47 0.000000000
201 0 2 F47 0.020833333
219 0 2 F47 0.000000000
223 0 2 F47 0.000000000
224 0 2 F47 0.000000000
205 16 4 F47 0.000000000
215 2 4 F47 0.000000000
207 101 4 F47 0.950000000
203 10 4 F47 0.010000000
209 15 4 F47 0.010000000
211 3 4 F47 0.030000000
201 1 4 F47 0.000000000
219 2 4 F47 0.000000000
223 0 4 F47 0.000000000
224 0 4 F47 0.000000000
205 8 6 F47 0.000000000
215 1 6 F47 0.000000000
207 59 6 F47 0.500000000
203 4 6 F47 0.031250000
209 21 6 F47 0.000000000
211 0 6 F47 0.468750000
201 0 6 F47 0.000000000
219 1 6 F47 0.000000000
223 1 6 F47 0.000000000
224 1 6 F47 0.000000000
205 1 8 F47 0.293333333
215 3 8 F47 0.453333333
207 22 8 F47 0.153333333
203 68 8 F47 0.086666667
209 2 8 F47 0.013333333
211 2 8 F47 0.000000000
201 2 8 F47 0.000000000
219 0 8 F47 0.000000000
223 0 8 F47 0.000000000
224 0 8 F47 0.000000000
205 3 10 F47 0.106666667
215 1 10 F47 0.013333333
207 14 10 F47 0.673333333
203 29 10 F47 0.066666667
209 0 10 F47 0.100000000
211 0 10 F47 0.020000000
201 1 10 F47 0.006666667
219 0 10 F47 0.013333333
223 0 10 F47 0.000000000
224 0 10 F47 0.000000000
205 0 12 F47 0.083333333
215 0 12 F47 0.010416667
207 95 12 F47 0.614583333
203 1 12 F47 0.041666667
209 1 12 F47 0.218750000
211 3 12 F47 0.000000000
201 0 12 F47 0.000000000
219 0 12 F47 0.010416667
223 0 12 F47 0.010416667
224 0 12 F47 0.010416667
205 0 14 F47 0.010000000
215 0 14 F47 0.030000000
207 48 14 F47 0.220000000
203 3 14 F47 0.680000000
209 0 14 F47 0.020000000
211 45 14 F47 0.020000000
201 0 14 F47 0.020000000
219 0 14 F47 0.000000000
223 0 14 F47 0.000000000
224 0 14 F47 0.000000000
196 117 2 F49 0.250000000
192 31 2 F49 0.687500000
194 2 2 F49 0.020833333
202 0 2 F49 0.020833333
198 0 2 F49 0.020833333
196 125 4 F49 0.860000000
192 24 4 F49 0.140000000
194 0 4 F49 0.000000000
202 1 4 F49 0.000000000
198 0 4 F49 0.000000000
196 86 6 F49 0.895833333
192 10 6 F49 0.062500000
194 0 6 F49 0.000000000
202 0 6 F49 0.000000000
198 0 6 F49 0.041666667
196 20 8 F49 0.780000000
192 73 8 F49 0.206666667
194 4 8 F49 0.013333333
202 1 8 F49 0.000000000
198 2 8 F49 0.000000000
196 12 10 F49 0.833333333
192 33 10 F49 0.160000000
194 1 10 F49 0.000000000
202 1 10 F49 0.006666667
198 1 10 F49 0.000000000
196 86 12 F49 0.895833333
192 14 12 F49 0.104166667
194 0 12 F49 0.000000000
202 0 12 F49 0.000000000
198 0 12 F49 0.000000000
196 86 14 F49 0.200000000
192 6 14 F49 0.730000000
194 0 14 F49 0.040000000
202 0 14 F49 0.010000000
198 4 14 F49 0.020000000
162 5 2 F50 0.020833333
188 35 2 F50 0.020833333
197 56 2 F50 0.770833333
194 54 2 F50 0.145833333
185 0 2 F50 0.000000000
191 0 2 F50 0.000000000
165 0 2 F50 0.000000000
200 0 2 F50 0.041666667
182 0 2 F50 0.000000000
206 0 2 F50 0.000000000
162 34 4 F50 0.630000000
188 26 4 F50 0.020000000
197 21 4 F50 0.010000000
194 56 4 F50 0.340000000
185 4 4 F50 0.000000000
191 1 4 F50 0.000000000
165 1 4 F50 0.000000000
200 3 4 F50 0.000000000
182 4 4 F50 0.000000000
206 0 4 F50 0.000000000
162 32 6 F50 0.635416667
188 19 6 F50 0.000000000
197 18 6 F50 0.062500000
194 21 6 F50 0.302083333
185 5 6 F50 0.000000000
191 0 6 F50 0.000000000
165 0 6 F50 0.000000000
200 0 6 F50 0.000000000
182 0 6 F50 0.000000000
206 1 6 F50 0.000000000
162 5 8 F50 0.033333333
188 0 8 F50 0.233333333
197 50 8 F50 0.373333333
194 44 8 F50 0.360000000
185 1 8 F50 0.000000000
191 0 8 F50 0.000000000
165 0 8 F50 0.000000000
200 0 8 F50 0.000000000
182 0 8 F50 0.000000000
206 0 8 F50 0.000000000
162 1 10 F50 0.226666667
188 1 10 F50 0.173333333
197 37 10 F50 0.140000000
194 7 10 F50 0.373333333
185 0 10 F50 0.026666667
191 0 10 F50 0.006666667
165 0 10 F50 0.006666667
200 2 10 F50 0.020000000
182 0 10 F50 0.026666667
206 0 10 F50 0.000000000
162 63 12 F50 0.333333333
188 2 12 F50 0.197916667
197 1 12 F50 0.187500000
194 34 12 F50 0.218750000
185 0 12 F50 0.052083333
191 0 12 F50 0.000000000
165 0 12 F50 0.000000000
200 0 12 F50 0.000000000
182 0 12 F50 0.000000000
206 0 12 F50 0.010416667
162 61 14 F50 0.050000000
188 0 14 F50 0.000000000
197 6 14 F50 0.500000000
194 29 14 F50 0.440000000
185 0 14 F50 0.010000000
191 0 14 F50 0.000000000
165 0 14 F50 0.000000000
200 0 14 F50 0.000000000
182 0 14 F50 0.000000000
206 0 14 F50 0.000000000
195 53 2 F58 0.395833333
197 95 2 F58 0.083333333
199 2 2 F58 0.062500000
193 0 2 F58 0.020833333
203 0 2 F58 0.250000000
201 0 2 F58 0.187500000
195 79 4 F58 0.950000000
197 60 4 F58 0.040000000
199 6 4 F58 0.000000000
193 3 4 F58 0.010000000
203 1 4 F58 0.000000000
201 1 4 F58 0.000000000
195 42 6 F58 0.885416667
197 43 6 F58 0.062500000
199 9 6 F58 0.031250000
193 2 6 F58 0.000000000
203 0 6 F58 0.020833333
201 0 6 F58 0.000000000
195 91 8 F58 0.353333333
197 5 8 F58 0.633333333
199 2 8 F58 0.013333333
193 1 8 F58 0.000000000
203 1 8 F58 0.000000000
201 0 8 F58 0.000000000
195 19 10 F58 0.526666667
197 4 10 F58 0.400000000
199 3 10 F58 0.040000000
193 1 10 F58 0.020000000
203 12 10 F58 0.006666667
201 9 10 F58 0.006666667
195 95 12 F58 0.437500000
197 4 12 F58 0.447916667
199 0 12 F58 0.093750000
193 1 12 F58 0.020833333
203 0 12 F58 0.000000000
201 0 12 F58 0.000000000
195 85 14 F58 0.910000000
197 6 14 F58 0.050000000
199 3 14 F58 0.020000000
193 0 14 F58 0.010000000
203 2 14 F58 0.010000000
201 0 14 F58 0.000000000
202 90 2 F69 0.770833333
194 3 2 F69 0.020833333
190 10 2 F69 0.020833333
222 9 2 F69 0.000000000
218 3 2 F69 0.000000000
206 9 2 F69 0.145833333
210 3 2 F69 0.020833333
198 17 2 F69 0.000000000
214 5 2 F69 0.020833333
226 1 2 F69 0.000000000
230 0 2 F69 0.000000000
234 0 2 F69 0.000000000
202 47 4 F69 0.300000000
194 10 4 F69 0.020000000
190 8 4 F69 0.010000000
222 9 4 F69 0.010000000
218 9 4 F69 0.000000000
206 14 4 F69 0.450000000
210 16 4 F69 0.120000000
198 21 4 F69 0.080000000
214 12 4 F69 0.000000000
226 2 4 F69 0.000000000
230 2 4 F69 0.010000000
234 0 4 F69 0.000000000
202 14 6 F69 0.062500000
194 22 6 F69 0.010416667
190 0 6 F69 0.020833333
222 5 6 F69 0.000000000
218 7 6 F69 0.000000000
206 10 6 F69 0.593750000
210 14 6 F69 0.250000000
198 8 6 F69 0.010416667
214 7 6 F69 0.041666667
226 1 6 F69 0.000000000
230 2 6 F69 0.010416667
234 6 6 F69 0.000000000
202 72 8 F69 0.600000000
194 0 8 F69 0.020000000
190 0 8 F69 0.066666667
222 0 8 F69 0.060000000
218 0 8 F69 0.020000000
206 8 8 F69 0.060000000
210 1 8 F69 0.020000000
198 16 8 F69 0.113333333
214 2 8 F69 0.033333333
226 0 8 F69 0.006666667
230 1 8 F69 0.000000000
234 0 8 F69 0.000000000
202 37 10 F69 0.313333333
194 1 10 F69 0.066666667
190 1 10 F69 0.053333333
222 0 10 F69 0.060000000
218 0 10 F69 0.060000000
206 7 10 F69 0.093333333
210 1 10 F69 0.106666667
198 0 10 F69 0.140000000
214 1 10 F69 0.080000000
226 0 10 F69 0.013333333
230 0 10 F69 0.013333333
234 0 10 F69 0.000000000
202 30 12 F69 0.145833333
194 2 12 F69 0.229166667
190 1 12 F69 0.000000000
222 1 12 F69 0.052083333
218 0 12 F69 0.072916667
206 45 12 F69 0.104166667
210 12 12 F69 0.145833333
198 8 12 F69 0.083333333
214 0 12 F69 0.072916667
226 0 12 F69 0.010416667
230 1 12 F69 0.020833333
234 0 12 F69 0.062500000
202 6 14 F69 0.720000000
194 1 14 F69 0.000000000
190 2 14 F69 0.000000000
222 0 14 F69 0.000000000
218 0 14 F69 0.000000000
206 57 14 F69 0.080000000
210 24 14 F69 0.010000000
198 1 14 F69 0.160000000
214 4 14 F69 0.020000000
226 0 14 F69 0.000000000
230 1 14 F69 0.010000000
234 0 14 F69 0.000000000
196 41 2 F72 0.958333333
200 105 2 F72 0.041666667
204 3 2 F72 0.000000000
198 1 2 F72 0.000000000
194 0 2 F72 0.000000000
192 0 2 F72 0.000000000
196 96 4 F72 0.970000000
200 45 4 F72 0.030000000
204 0 4 F72 0.000000000
198 9 4 F72 0.000000000
194 0 4 F72 0.000000000
192 0 4 F72 0.000000000
196 86 6 F72 0.927083333
200 2 6 F72 0.062500000
204 2 6 F72 0.000000000
198 3 6 F72 0.000000000
194 1 6 F72 0.010416667
192 2 6 F72 0.000000000
196 92 8 F72 0.273333333
200 7 8 F72 0.700000000
204 0 8 F72 0.020000000
198 1 8 F72 0.006666667
194 0 8 F72 0.000000000
192 0 8 F72 0.000000000
196 46 10 F72 0.640000000
200 2 10 F72 0.300000000
204 0 10 F72 0.000000000
198 0 10 F72 0.060000000
194 0 10 F72 0.000000000
192 0 10 F72 0.000000000
196 97 12 F72 0.895833333
200 3 12 F72 0.020833333
204 0 12 F72 0.020833333
198 0 12 F72 0.031250000
194 0 12 F72 0.010416667
192 0 12 F72 0.020833333
196 89 14 F72 0.920000000
200 6 14 F72 0.070000000
204 0 14 F72 0.000000000
198 0 14 F72 0.010000000
194 1 14 F72 0.000000000
192 0 14 F72 0.000000000
196 2 2 F9 0.000000000
198 98 2 F9 0.145833333
200 3 2 F9 0.000000000
190 10 2 F9 0.020833333
206 27 2 F9 0.020833333
202 3 2 F9 0.000000000
194 3 2 F9 0.062500000
192 2 2 F9 0.687500000
204 1 2 F9 0.000000000
219 1 2 F9 0.000000000
188 0 2 F9 0.020833333
184 0 2 F9 0.041666667
213 0 2 F9 0.000000000
221 0 2 F9 0.000000000
186 0 2 F9 0.000000000
182 0 2 F9 0.000000000
196 19 4 F9 0.020000000
198 32 4 F9 0.030000000
200 14 4 F9 0.370000000
190 1 4 F9 0.000000000
206 0 4 F9 0.000000000
202 8 4 F9 0.030000000
194 16 4 F9 0.430000000
192 17 4 F9 0.030000000
204 2 4 F9 0.000000000
219 1 4 F9 0.000000000
188 6 4 F9 0.000000000
184 32 4 F9 0.080000000
213 1 4 F9 0.000000000
221 1 4 F9 0.000000000
186 0 4 F9 0.010000000
182 0 4 F9 0.000000000
196 8 6 F9 0.020833333
198 21 6 F9 0.031250000
200 17 6 F9 0.354166667
190 1 6 F9 0.000000000
206 1 6 F9 0.010416667
202 2 6 F9 0.000000000
194 17 6 F9 0.250000000
192 7 6 F9 0.062500000
204 1 6 F9 0.000000000
219 0 6 F9 0.000000000
188 2 6 F9 0.000000000
184 17 6 F9 0.270833333
213 1 6 F9 0.000000000
221 0 6 F9 0.000000000
186 1 6 F9 0.000000000
182 0 6 F9 0.000000000
196 4 8 F9 0.013333333
198 6 8 F9 0.653333333
200 3 8 F9 0.020000000
190 1 8 F9 0.066666667
206 2 8 F9 0.180000000
202 1 8 F9 0.020000000
194 6 8 F9 0.020000000
192 71 8 F9 0.013333333
204 1 8 F9 0.006666667
219 0 8 F9 0.006666667
188 0 8 F9 0.000000000
184 4 8 F9 0.000000000
213 0 8 F9 0.000000000
221 0 8 F9 0.000000000
186 0 8 F9 0.000000000
182 1 8 F9 0.000000000
196 0 10 F9 0.126666667
198 7 10 F9 0.213333333
200 0 10 F9 0.093333333
190 1 10 F9 0.006666667
206 1 10 F9 0.000000000
202 0 10 F9 0.053333333
194 3 10 F9 0.106666667
192 33 10 F9 0.113333333
204 0 10 F9 0.013333333
219 0 10 F9 0.006666667
188 1 10 F9 0.040000000
184 2 10 F9 0.213333333
213 0 10 F9 0.006666667
221 0 10 F9 0.006666667
186 0 10 F9 0.000000000
182 0 10 F9 0.000000000
196 2 12 F9 0.083333333
198 3 12 F9 0.218750000
200 37 12 F9 0.177083333
190 0 12 F9 0.010416667
206 0 12 F9 0.010416667
202 3 12 F9 0.020833333
194 43 12 F9 0.177083333
192 3 12 F9 0.072916667
204 0 12 F9 0.010416667
219 0 12 F9 0.000000000
188 0 12 F9 0.020833333
184 8 12 F9 0.177083333
213 0 12 F9 0.010416667
221 0 12 F9 0.000000000
186 1 12 F9 0.010416667
182 0 12 F9 0.000000000
196 2 14 F9 0.040000000
198 3 14 F9 0.060000000
200 34 14 F9 0.030000000
190 0 14 F9 0.010000000
206 1 14 F9 0.020000000
202 0 14 F9 0.010000000
194 24 14 F9 0.060000000
192 6 14 F9 0.710000000
204 0 14 F9 0.010000000
219 0 14 F9 0.000000000
188 0 14 F9 0.000000000
184 26 14 F9 0.040000000
213 0 14 F9 0.000000000
221 0 14 F9 0.000000000
186 0 14 F9 0.000000000
182 0 14 F9 0.010000000
214 86 2 L38 0.229166667
232 50 2 L38 0.000000000
229 1 2 L38 0.020833333
226 4 2 L38 0.000000000
220 1 2 L38 0.645833333
235 5 2 L38 0.020833333
223 1 2 L38 0.062500000
217 1 2 L38 0.000000000
238 1 2 L38 0.000000000
241 0 2 L38 0.000000000
208 0 2 L38 0.000000000
247 0 2 L38 0.000000000
205 0 2 L38 0.020833333
211 0 2 L38 0.000000000
214 34 4 L38 0.410000000
232 18 4 L38 0.020000000
229 13 4 L38 0.230000000
226 30 4 L38 0.310000000
220 14 4 L38 0.000000000
235 0 4 L38 0.010000000
223 17 4 L38 0.010000000
217 10 4 L38 0.000000000
238 7 4 L38 0.000000000
241 4 4 L38 0.000000000
208 1 4 L38 0.000000000
247 1 4 L38 0.000000000
205 1 4 L38 0.010000000
211 0 4 L38 0.000000000
214 19 6 L38 0.437500000
232 11 6 L38 0.062500000
229 6 6 L38 0.250000000
226 15 6 L38 0.197916667
220 6 6 L38 0.010416667
235 4 6 L38 0.020833333
223 14 6 L38 0.000000000
217 19 6 L38 0.020833333
238 0 6 L38 0.000000000
241 1 6 L38 0.000000000
208 0 6 L38 0.000000000
247 0 6 L38 0.000000000
205 0 6 L38 0.000000000
211 1 6 L38 0.000000000
214 83 8 L38 0.573333333
232 0 8 L38 0.333333333
229 2 8 L38 0.006666667
226 2 8 L38 0.026666667
220 12 8 L38 0.006666667
235 0 8 L38 0.033333333
223 1 8 L38 0.006666667
217 0 8 L38 0.006666667
238 0 8 L38 0.006666667
241 0 8 L38 0.000000000
208 0 8 L38 0.000000000
247 0 8 L38 0.000000000
205 0 8 L38 0.000000000
211 0 8 L38 0.000000000
214 11 10 L38 0.226666667
232 0 10 L38 0.120000000
229 1 10 L38 0.086666667
226 0 10 L38 0.200000000
220 31 10 L38 0.093333333
235 1 10 L38 0.000000000
223 3 10 L38 0.113333333
217 0 10 L38 0.066666667
238 0 10 L38 0.046666667
241 0 10 L38 0.026666667
208 0 10 L38 0.006666667
247 0 10 L38 0.006666667
205 1 10 L38 0.006666667
211 0 10 L38 0.000000000
214 41 12 L38 0.197916667
232 2 12 L38 0.114583333
229 23 12 L38 0.062500000
226 31 12 L38 0.156250000
220 0 12 L38 0.062500000
235 1 12 L38 0.041666667
223 1 12 L38 0.145833333
217 0 12 L38 0.197916667
238 0 12 L38 0.000000000
241 0 12 L38 0.010416667
208 0 12 L38 0.000000000
247 0 12 L38 0.000000000
205 1 12 L38 0.000000000
211 0 12 L38 0.010416667
214 42 14 L38 0.830000000
232 6 14 L38 0.000000000
229 24 14 L38 0.020000000
226 19 14 L38 0.020000000
220 1 14 L38 0.120000000
235 2 14 L38 0.000000000
223 0 14 L38 0.010000000
217 2 14 L38 0.000000000
238 0 14 L38 0.000000000
241 0 14 L38 0.000000000
208 0 14 L38 0.000000000
247 0 14 L38 0.000000000
205 0 14 L38 0.000000000
211 0 14 L38 0.000000000
140 1 2 L58 0.000000000
144 5 2 L58 0.083333333
146 42 2 L58 0.187500000
148 23 2 L58 0.041666667
136 45 2 L58 0.020833333
132 9 2 L58 0.000000000
130 6 2 L58 0.000000000
134 9 2 L58 0.020833333
150 3 2 L58 0.062500000
142 2 2 L58 0.000000000
152 2 2 L58 0.041666667
164 2 2 L58 0.375000000
138 1 2 L58 0.020833333
126 0 2 L58 0.020833333
156 0 2 L58 0.000000000
158 0 2 L58 0.000000000
154 0 2 L58 0.000000000
124 0 2 L58 0.000000000
182 0 2 L58 0.020833333
192 0 2 L58 0.000000000
160 0 2 L58 0.000000000
162 0 2 L58 0.000000000
176 0 2 L58 0.000000000
180 0 2 L58 0.041666667
170 0 2 L58 0.000000000
188 0 2 L58 0.000000000
168 0 2 L58 0.020833333
194 0 2 L58 0.000000000
184 0 2 L58 0.000000000
186 0 2 L58 0.000000000
128 0 2 L58 0.020833333
172 0 2 L58 0.000000000
166 0 2 L58 0.020833333
140 4 4 L58 0.010000000
144 6 4 L58 0.310000000
146 2 4 L58 0.130000000
148 6 4 L58 0.080000000
136 3 4 L58 0.000000000
132 11 4 L58 0.020000000
130 4 4 L58 0.010000000
134 10 4 L58 0.000000000
150 4 4 L58 0.060000000
142 5 4 L58 0.210000000
152 4 4 L58 0.000000000
164 2 4 L58 0.020000000
138 4 4 L58 0.000000000
126 25 4 L58 0.000000000
156 9 4 L58 0.000000000
158 6 4 L58 0.010000000
154 14 4 L58 0.060000000
124 1 4 L58 0.000000000
182 1 4 L58 0.000000000
192 6 4 L58 0.000000000
160 6 4 L58 0.000000000
162 1 4 L58 0.000000000
176 1 4 L58 0.000000000
180 2 4 L58 0.000000000
170 1 4 L58 0.000000000
188 1 4 L58 0.000000000
168 6 4 L58 0.000000000
194 1 4 L58 0.000000000
184 1 4 L58 0.000000000
186 1 4 L58 0.000000000
128 2 4 L58 0.060000000
172 0 4 L58 0.000000000
166 0 4 L58 0.020000000
140 4 6 L58 0.031250000
144 0 6 L58 0.260416667
146 8 6 L58 0.197916667
148 5 6 L58 0.041666667
136 6 6 L58 0.010416667
132 3 6 L58 0.083333333
130 4 6 L58 0.000000000
134 8 6 L58 0.000000000
150 5 6 L58 0.072916667
142 5 6 L58 0.104166667
152 9 6 L58 0.000000000
164 0 6 L58 0.052083333
138 5 6 L58 0.000000000
126 5 6 L58 0.000000000
156 6 6 L58 0.010416667
158 5 6 L58 0.010416667
154 6 6 L58 0.010416667
124 0 6 L58 0.000000000
182 0 6 L58 0.000000000
192 2 6 L58 0.000000000
160 1 6 L58 0.000000000
162 1 6 L58 0.000000000
176 1 6 L58 0.000000000
180 0 6 L58 0.000000000
170 0 6 L58 0.000000000
188 0 6 L58 0.000000000
168 4 6 L58 0.000000000
194 0 6 L58 0.000000000
184 0 6 L58 0.000000000
186 0 6 L58 0.000000000
128 1 6 L58 0.062500000
172 1 6 L58 0.000000000
166 1 6 L58 0.052083333
140 0 8 L58 0.006666667
144 1 8 L58 0.033333333
146 30 8 L58 0.280000000
148 35 8 L58 0.153333333
136 3 8 L58 0.300000000
132 1 8 L58 0.060000000
130 1 8 L58 0.040000000
134 5 8 L58 0.060000000
150 17 8 L58 0.020000000
142 2 8 L58 0.013333333
152 0 8 L58 0.013333333
164 0 8 L58 0.013333333
138 0 8 L58 0.006666667
126 1 8 L58 0.000000000
156 1 8 L58 0.000000000
158 1 8 L58 0.000000000
154 0 8 L58 0.000000000
124 0 8 L58 0.000000000
182 0 8 L58 0.000000000
192 0 8 L58 0.000000000
160 0 8 L58 0.000000000
162 1 8 L58 0.000000000
176 0 8 L58 0.000000000
180 0 8 L58 0.000000000
170 0 8 L58 0.000000000
188 0 8 L58 0.000000000
168 0 8 L58 0.000000000
194 0 8 L58 0.000000000
184 0 8 L58 0.000000000
186 0 8 L58 0.000000000
128 0 8 L58 0.000000000
172 0 8 L58 0.000000000
166 1 8 L58 0.000000000
140 0 10 L58 0.026666667
144 4 10 L58 0.040000000
146 9 10 L58 0.013333333
148 2 10 L58 0.040000000
136 1 10 L58 0.020000000
132 0 10 L58 0.073333333
130 0 10 L58 0.026666667
134 1 10 L58 0.066666667
150 3 10 L58 0.026666667
142 0 10 L58 0.033333333
152 2 10 L58 0.026666667
164 18 10 L58 0.013333333
138 1 10 L58 0.026666667
126 1 10 L58 0.166666667
156 0 10 L58 0.060000000
158 0 10 L58 0.040000000
154 0 10 L58 0.093333333
124 0 10 L58 0.006666667
182 1 10 L58 0.006666667
192 0 10 L58 0.040000000
160 0 10 L58 0.040000000
162 0 10 L58 0.006666667
176 0 10 L58 0.006666667
180 2 10 L58 0.013333333
170 0 10 L58 0.006666667
188 0 10 L58 0.006666667
168 1 10 L58 0.040000000
194 0 10 L58 0.006666667
184 0 10 L58 0.006666667
186 0 10 L58 0.006666667
128 1 10 L58 0.013333333
172 0 10 L58 0.000000000
166 1 10 L58 0.000000000
140 1 12 L58 0.041666667
144 31 12 L58 0.000000000
146 13 12 L58 0.083333333
148 8 12 L58 0.052083333
136 0 12 L58 0.062500000
132 2 12 L58 0.031250000
130 1 12 L58 0.041666667
134 0 12 L58 0.083333333
150 6 12 L58 0.052083333
142 21 12 L58 0.052083333
152 0 12 L58 0.093750000
164 2 12 L58 0.000000000
138 0 12 L58 0.052083333
126 0 12 L58 0.052083333
156 0 12 L58 0.062500000
158 1 12 L58 0.052083333
154 6 12 L58 0.062500000
124 0 12 L58 0.000000000
182 0 12 L58 0.000000000
192 0 12 L58 0.020833333
160 0 12 L58 0.010416667
162 0 12 L58 0.010416667
176 0 12 L58 0.010416667
180 0 12 L58 0.000000000
170 0 12 L58 0.000000000
188 0 12 L58 0.000000000
168 0 12 L58 0.041666667
194 0 12 L58 0.000000000
184 0 12 L58 0.000000000
186 0 12 L58 0.000000000
128 6 12 L58 0.010416667
172 0 12 L58 0.010416667
166 2 12 L58 0.010416667
140 3 14 L58 0.000000000
144 25 14 L58 0.010000000
146 19 14 L58 0.300000000
148 4 14 L58 0.350000000
136 1 14 L58 0.030000000
132 8 14 L58 0.010000000
130 0 14 L58 0.010000000
134 0 14 L58 0.050000000
150 7 14 L58 0.170000000
142 10 14 L58 0.020000000
152 0 14 L58 0.000000000
164 5 14 L58 0.000000000
138 0 14 L58 0.000000000
126 0 14 L58 0.010000000
156 1 14 L58 0.010000000
158 1 14 L58 0.010000000
154 1 14 L58 0.000000000
124 0 14 L58 0.000000000
182 0 14 L58 0.000000000
192 0 14 L58 0.000000000
160 0 14 L58 0.000000000
162 0 14 L58 0.010000000
176 0 14 L58 0.000000000
180 0 14 L58 0.000000000
170 0 14 L58 0.000000000
188 0 14 L58 0.000000000
168 0 14 L58 0.000000000
194 0 14 L58 0.000000000
184 0 14 L58 0.000000000
186 0 14 L58 0.000000000
128 6 14 L58 0.000000000
172 0 14 L58 0.000000000
166 5 14 L58 0.010000000
177 39 2 L94 0.125000000
189 16 2 L94 0.750000000
192 80 2 L94 0.083333333
159 7 2 L94 0.000000000
162 6 2 L94 0.020833333
186 1 2 L94 0.000000000
180 1 2 L94 0.020833333
171 0 2 L94 0.000000000
174 0 2 L94 0.000000000
165 0 2 L94 0.000000000
156 0 2 L94 0.000000000
183 0 2 L94 0.000000000
177 67 4 L94 0.710000000
189 9 4 L94 0.020000000
192 7 4 L94 0.020000000
159 1 4 L94 0.000000000
162 21 4 L94 0.250000000
186 0 4 L94 0.000000000
180 12 4 L94 0.000000000
171 28 4 L94 0.000000000
174 1 4 L94 0.000000000
165 1 4 L94 0.000000000
156 2 4 L94 0.000000000
183 1 4 L94 0.000000000
177 58 6 L94 0.645833333
189 4 6 L94 0.031250000
192 4 6 L94 0.031250000
159 0 6 L94 0.000000000
162 16 6 L94 0.281250000
186 0 6 L94 0.000000000
180 2 6 L94 0.000000000
171 5 6 L94 0.010416667
174 2 6 L94 0.000000000
165 0 6 L94 0.000000000
156 3 6 L94 0.000000000
183 2 6 L94 0.000000000
177 31 8 L94 0.260000000
189 60 8 L94 0.106666667
192 2 8 L94 0.533333333
159 0 8 L94 0.046666667
162 3 8 L94 0.040000000
186 0 8 L94 0.006666667
180 2 8 L94 0.006666667
171 2 8 L94 0.000000000
174 0 8 L94 0.000000000
165 0 8 L94 0.000000000
156 0 8 L94 0.000000000
183 0 8 L94 0.000000000
177 6 10 L94 0.446666667
189 36 10 L94 0.060000000
192 4 10 L94 0.046666667
159 0 10 L94 0.006666667
162 1 10 L94 0.140000000
186 0 10 L94 0.000000000
180 1 10 L94 0.080000000
171 0 10 L94 0.186666667
174 0 10 L94 0.006666667
165 0 10 L94 0.006666667
156 0 10 L94 0.013333333
183 0 10 L94 0.006666667
177 71 12 L94 0.604166667
189 2 12 L94 0.041666667
192 2 12 L94 0.041666667
159 0 12 L94 0.000000000
162 25 12 L94 0.166666667
186 0 12 L94 0.000000000
180 0 12 L94 0.020833333
171 0 12 L94 0.052083333
174 0 12 L94 0.020833333
165 0 12 L94 0.000000000
156 0 12 L94 0.031250000
183 0 12 L94 0.020833333
177 62 14 L94 0.310000000
189 3 14 L94 0.600000000
192 3 14 L94 0.020000000
159 0 14 L94 0.000000000
162 27 14 L94 0.030000000
186 0 14 L94 0.000000000
180 0 14 L94 0.020000000
171 1 14 L94 0.020000000
174 0 14 L94 0.000000000
165 0 14 L94 0.000000000
156 0 14 L94 0.000000000
183 0 14 L94 0.000000000
